181860248
178789840
192351336
161110604
153025276
168837732
181403292
160041328
160418212
141981056
204144988
224713488
172373300
190494472
174009876
177517996
177706308
199549400
148826556
192021824
75234592
33690496
63531772
54923128
43912696
81224996
97768932
76798740
71438140
41919944
46117812
52657244
39551156
52699204
78049912
83096580
94724676
75773188
23085140
69606668
36470888
41316028
65828064
77007200
101909472
58104180
67800044
77672488
35140856
42822528
63681304
88819772
76696424
71700500
73657568
74783620